2.560598134994507
2.6946299076080322
2.560506582260132
2.5312039852142334
2.643618106842041
2.525590658187866
2.693629741668701
2.511587142944336
2.510586977005005
2.5066239833831787
2.643618106842041
2.510586977005005
2.5445950031280518
2.5485951900482178
2.531080722808838
2.559478998184204
2.559598207473755
2.6986305713653564
2.6816518306732178
2.5474889278411865
2.560598373413086
2.693629741668701
2.705632448196411
2.681626558303833
2.5305914878845215
2.5234179496765137
2.6636223793029785
2.615612030029297
2.693629741668701
2.6793911457061768
2.6746251583099365
2.6775007247924805
2.5275909900665283
2.5535964965820312
2.716635227203369
2.6746253967285156
2.559598207473755
2.558652400970459
2.707632541656494
2.562598705291748
2.6516191959381104
2.5405936241149902
2.4949941635131836
2.7298433780670166
2.5846049785614014
2.5906059741973877
2.724111795425415
2.584501028060913
2.708740711212158
2.6756250858306885
2.6856276988983154
2.699312925338745
2.5545971393585205
2.6876280307769775
2.6866283416748047
2.560598134994507
2.5588676929473877
2.5536599159240723
2.5475950241088867
2.698359966278076
2.5535974502563477
2.5545969009399414
2.5655994415283203
2.561598539352417
2.698173999786377
2.6856279373168945
2.6876282691955566
2.694629669189453
2.693589448928833
2.692629098892212
2.704632043838501
2.550595998764038
2.7006311416625977
2.6930832862854004
2.692478895187378
2.548595905303955
2.6881635189056396
2.553934335708618
2.553586721420288
2.5405826568603516
2.680614948272705
2.7106223106384277
2.5465846061706543
2.5555858612060547
2.5541603565216064
2.559615135192871
2.5475845336914062
2.5545859336853027
2.686527967453003
2.682424306869507
2.6946182250976562
2.643996238708496
2.6844639778137207
2.5115761756896973
2.5245790481567383
2.535581588745117
2.5553953647613525
2.552253484725952
2.5474507808685303
2.6816153526306152
2.67561411857605
2.688616991043091
2.680614948272705
2.700446605682373
2.5415828227996826
2.678615093231201
2.5415823459625244
2.5425832271575928
2.687612295150757
2.681615114212036
2.6986193656921387
2.5415828227996826
2.5515856742858887
2.6754817962646484
2.5485846996307373
2.543583631515503
2.547584056854248
2.6986193656921387
2.542583465576172
2.518578052520752
2.669682025909424
2.531580924987793
2.644606113433838
2.657609224319458
2.5305802822113037
2.5341544151306152
2.523578643798828
2.5345802307128906
2.662614107131958
2.5055108070373535
2.670612335205078
2.669612407684326
2.675712823867798
2.5185751914978027
2.529022455215454
2.5245797634124756
2.658609628677368
2.693617582321167
2.5335817337036133
2.531580924987793
2.52872371673584
2.561326026916504
2.531581163406372
2.5265793800354004
2.516730785369873
2.6876168251037598
2.662479877471924
2.553741455078125
2.5225789546966553
2.522578477859497
2.5225791931152344
2.5295796394348145
2.5237348079681396
2.6570258140563965
2.5385825634002686
2.5235788822174072
2.5395824909210205
2.5175774097442627
2.6876161098480225
2.589540958404541
2.5895943641662598
2.5855937004089355
2.58459210395813
2.5845935344696045
2.5845534801483154
2.5835916996002197
2.590594530105591
2.5895938873291016
2.5967793464660645
2.508575677871704
2.653608798980713
2.7246267795562744
2.585362672805786
2.583592653274536
2.719292640686035
2.5745904445648193
2.577592134475708
2.577145576477051
2.580591917037964
2.57759165763855
2.7226245403289795
2.5835933685302734
2.5894298553466797
2.578591823577881
2.5905940532684326
2.581592559814453
2.5835914611816406
2.5961313247680664
2.584592819213867
2.5915944576263428
2.576591730117798
2.58459210395813
2.5785915851593018
2.5760936737060547
2.5855932235717773
2.5755906105041504
2.5655884742736816
2.5944902896881104
2.5785913467407227
2.583592653274536
2.5845932960510254
2.583587884902954
2.577582836151123
2.5835845470428467
2.578583002090454
2.5825846195220947
2.579519510269165
2.5905861854553223
2.590585708618164
2.5775837898254395
2.7056119441986084
2.578583240509033
2.577495813369751
2.582045316696167
2.5704846382141113
2.581146240234375
2.5838420391082764
2.583583354949951
2.5795841217041016
2.566580295562744
2.5855846405029297
2.30452036857605
2.584585189819336
2.5855844020843506
2.5834290981292725
2.5833613872528076
2.5838260650634766
2.5797672271728516
2.723616123199463
2.589585542678833
2.584585189819336
2.5784590244293213
2.578402042388916
2.5775845050811768
2.584585428237915
2.5695815086364746
2.5885870456695557
2.58870005607605
2.576512098312378
2.577582836151123
2.5705819129943848
2.5845847129821777
2.5855870246887207
2.5715816020965576
2.5857532024383545
2.577583074569702
2.5805835723876953
2.575582981109619
2.5835843086242676
2.585584878921509
2.5840818881988525
2.5953924655914307
2.571582078933716
2.584585428237915
2.584585189819336
2.5815837383270264
2.577582597732544
2.5845844745635986
2.5855836868286133
2.7176148891448975
2.725078582763672
2.576533555984497
2.5835845470428467
2.596346616744995
2.5855846405029297
2.5885863304138184
2.722539186477661
2.584585189819336
2.7196149826049805
2.5845859050750732
2.5825841426849365
2.575582981109619
2.7186145782470703
2.5695815086364746
2.590585947036743
2.5955870151519775
2.590447187423706
2.5964746475219727
2.5905866622924805
2.5855846405029297
2.5865843296051025
2.5818932056427
2.5902562141418457
2.589548349380493
2.5903046131134033
2.5915865898132324
2.5905864238739014
2.5857856273651123
2.5845847129821777
2.6005890369415283
2.5845844745635986
2.588806629180908
2.5895729064941406
2.5835845470428467
2.5835843086242676
2.604358434677124
2.588087320327759
2.591498851776123
2.5975871086120605
2.5895862579345703
2.590585708618164
2.577582597732544
2.5835845470428467
2.5825839042663574
2.587585210800171
2.5895843505859375
2.5845842361450195
2.583585262298584
2.723616123199463
2.589414596557617
2.5891411304473877
2.6045892238616943
2.583584785461426
2.585585117340088
2.588585615158081
2.5845847129821777
2.5765812397003174
2.590585470199585
2.5860061645507812
2.5945863723754883
2.590585708618164
2.5855844020843506
2.590585231781006
2.5785834789276123
2.589585781097412
2.5884170532226562
2.5825836658477783
2.58658504486084
2.589585781097412
2.5893783569335938
2.5906238555908203
2.5965874195098877
2.5905861854553223
2.5825843811035156
2.584583282470703
2.5849597454071045
2.5843613147735596
2.585585117340088
2.5835845470428467
2.590585470199585
2.5855743885040283
2.585585832595825
2.600588798522949
2.5775837898254395
2.5925865173339844
2.5903191566467285
2.5825839042663574
2.588585138320923
2.5965874195098877
2.589585304260254
2.588585615158081
2.5835838317871094
2.730870008468628
2.298809289932251
2.590585947036743
2.585585117340088
2.6035897731781006
2.5915865898132324
2.5905861854553223
2.591338872909546
2.578582763671875
2.5831642150878906
2.578583002090454
2.583585262298584
2.725616693496704
2.589585542678833
2.591017961502075
2.5845847129821777
2.584584951400757
2.5895862579345703
2.723616600036621
2.577582597732544
2.5815837383270264
2.5794100761413574
2.590585947036743
2.5903778076171875
2.5825836658477783
2.5945866107940674
2.5835840702056885
2.5915865898132324
2.5885536670684814
2.584115505218506
2.5845842361450195
2.5735809803009033
2.5955967903137207
2.594437599182129
2.7306175231933594
2.5855844020843506
2.5925867557525635
2.578322172164917
2.584383249282837
2.585585117340088
2.5845847129821777
2.5845844745635986
2.5845847129821777
2.5893375873565674
2.582909345626831
2.584584951400757
2.582549810409546
2.590585708618164
2.5785841941833496
2.5915863513946533
2.5905849933624268
2.5789144039154053
2.5895862579345703
2.5855839252471924
2.5945870876312256
2.5833818912506104
2.5815842151641846
2.585584878921509
2.5835835933685303
2.5850729942321777
2.5840861797332764
2.7326183319091797
2.590585947036743
2.572582483291626
2.5842349529266357
2.5705809593200684
2.582585096359253
2.57658314704895
2.591586112976074
2.588585615158081
2.5836405754089355
2.5845839977264404
2.590585231781006
2.588585615158081
2.5795841217041016
2.5865848064422607
2.58225679397583
2.585585355758667
2.5835843086242676
2.5939462184906006
2.584584951400757
2.5845844745635986
2.5795836448669434
2.5825839042663574
2.590601682662964
2.584825038909912
2.5765843391418457
2.589585781097412
2.7232086658477783
2.5945873260498047
2.5835843086242676
2.590066432952881
2.722616195678711
2.590585708618164
2.589585065841675
2.590585470199585
2.5855886936187744
2.5945868492126465
2.5905864238739014
2.595587730407715
2.5846214294433594
2.5877647399902344
2.587585687637329
2.5835845470428467
2.5865845680236816
2.589677095413208
2.5835840702056885
2.5905861854553223
2.721616506576538
2.5775837898254395
2.5897879600524902
2.5895862579345703
2.5905861854553223
2.5895845890045166
2.5845839977264404
2.5843021869659424
2.582669496536255
2.5845842361450195
2.585582733154297
2.5945870876312256
2.5845847129821777
2.5838441848754883
2.588585376739502
2.5755820274353027
2.5855846405029297
2.5955867767333984
2.73055100440979
2.584183931350708
2.5925867557525635
2.7186148166656494
2.5845844745635986
2.5967183113098145
2.583585023880005
2.5955867767333984
2.5835845470428467
2.589585781097412
2.5904617309570312
2.5955867767333984
2.5955870151519775
2.58658504486084
2.586585760116577
2.6015892028808594
2.585584878921509
2.5853116512298584
2.5915868282318115
2.589240550994873
2.5795838832855225
2.584585189819336
2.5836172103881836
2.583585262298584
2.5845859050750732
2.5845844745635986
2.585502862930298
2.71897029876709
2.5855820178985596
2.5855846405029297
2.5765833854675293
2.6034674644470215
2.5815839767456055
2.588585615158081
2.5845842361450195
2.5905864238739014
2.578770875930786
2.5905861854553223
2.584584951400757
2.7176151275634766
2.5865845680236816
2.5881636142730713
2.5835843086242676
2.590585947036743
2.5845346450805664
2.5845844745635986
2.5905864238739014
2.5815842151641846
2.585585355758667
2.588681221008301
2.5838162899017334
2.724616527557373
2.595587730407715
2.5925865173339844
2.578583002090454
2.5955870151519775
2.5835840702056885
2.58858585357666
2.7176146507263184
2.579779624938965
2.5717673301696777
2.5705809593200684
2.5705814361572266
2.5815839767456055
2.585615396499634
2.586585283279419
2.583584785461426
2.583582878112793
2.5851402282714844
2.727119207382202
2.577582836151123
2.583584785461426
2.583843231201172
2.5778329372406006
2.585585117340088
2.5945863723754883
2.5855836868286133
2.5815846920013428
2.5845844745635986
2.58758544921875
2.5838782787323
2.5845839977264404
2.58858585357666
2.588585138320923
2.5735819339752197
2.5791704654693604
2.591587781906128
2.159489154815674
2.587221384048462
2.583584785461426
2.583584785461426
2.589337110519409
2.5847370624542236
2.5835845470428467
2.5895864963531494
2.5904722213745117
2.5835843086242676
2.5835835933685303
2.5787081718444824
2.5825817584991455
2.5845842361450195
2.5935862064361572
2.583169937133789
2.5966320037841797
2.57382869720459
2.585085153579712
2.585585594177246
2.5895864963531494
2.5835840702056885
2.584887981414795
2.5955870151519775
2.57940411567688
2.586585521697998
2.5835845470428467
2.585584878921509
2.5909476280212402
2.590888500213623
2.5845847129821777
2.5905849933624268
2.5886037349700928
2.5873336791992188
2.5915863513946533
2.587585687637329
2.583346128463745
2.589586019515991
2.5885860919952393
2.5855844020843506
2.5905861854553223
2.5845839977264404
2.5845842361450195
2.5805838108062744
2.5784456729888916
2.7306175231933594
2.570979595184326
2.5826423168182373
2.584585666656494
2.5845847129821777
2.5825843811035156
2.586585521697998
2.58437442779541
2.724616050720215
2.5945870876312256
2.5775833129882812
2.588585615158081
2.5842337608337402
2.5833353996276855
2.5825839042663574
2.573582887649536
2.585585594177246
2.5915865898132324
2.5853946208953857
2.5863518714904785
2.7236156463623047
2.58243727684021
2.5835843086242676
2.5915868282318115
2.5835840702056885
2.5785834789276123
2.5785841941833496
2.652599573135376
2.5800998210906982
2.576829195022583
2.586585521697998
2.5822970867156982
2.585462808609009
2.710613489151001
2.584833860397339
2.590214252471924
2.584585189819336
2.5905869007110596
2.5845847129821777
2.575582981109619
2.5865848064422607
2.591585874557495
2.5845842361450195
2.5855841636657715
2.5910778045654297
2.5835843086242676
2.5845847129821777
2.5835838317871094
2.5795841217041016
2.5775837898254395
2.5762431621551514
2.5845847129821777
2.5785815715789795
2.5836341381073
2.7226154804229736
2.5955874919891357
2.5845842361450195
2.5904183387756348
2.5825846195220947
2.586585283279419
2.583584785461426
2.578583240509033
2.5835845470428467
2.578580856323242
2.5898265838623047
2.5845847129821777
2.579583168029785
2.5826146602630615
2.583993911743164
2.5725817680358887
2.5845842361450195
2.5835845470428467
2.5825841426849365
2.58258318901062
2.586790084838867
2.59082293510437
2.58451247215271
2.585585117340088
2.723616600036621
2.5925867557525635
2.5835840702056885
2.5925865173339844
2.582312822341919
2.587195873260498
2.577583074569702
2.5841729640960693
2.589585781097412
2.590585708618164
2.5825836658477783
2.5835840702056885
2.5845847129821777
2.5855846405029297
2.583024501800537
2.585585117340088
2.588662624359131
2.585584878921509
2.5845837593078613
2.572582244873047
2.5825836658477783
2.589585065841675
2.590585947036743
2.583584785461426
2.5955872535705566
2.589662551879883
2.577583074569702
2.5845847129821777
2.585585355758667
2.589585542678833
2.581754446029663
2.5917184352874756
2.600587844848633
2.5845842361450195
2.589585781097412
2.584829568862915
2.5876448154449463
2.5805838108062744
2.584416151046753
2.599884033203125
2.5785861015319824
2.5776774883270264
2.5845847129821777
2.5834617614746094
2.590810537338257
2.5795838832855225
2.597674608230591
2.583585023880005
2.5905864238739014
2.5845842361450195
2.590585947036743
2.5835840702056885
2.591986894607544
2.577582836151123
2.585584878921509
2.724616289138794
2.5848753452301025
2.5845847129821777
2.5835845470428467
2.5774197578430176
2.614591121673584
2.5855836868286133
2.5835845470428467
2.590585947036743
2.5855860710144043
2.585585355758667
2.3065221309661865
2.5889041423797607
2.591071367263794
2.576582193374634
2.587491035461426
2.573582172393799
2.5855860710144043
2.585341215133667
2.578026056289673
2.5835845470428467
2.578582525253296
2.5715816020965576
2.584834575653076
2.584320545196533
2.5955872535705566
2.58441162109375
2.5925865173339844
2.5865848064422607
2.5805816650390625
2.589585542678833
2.5845842361450195
2.584585189819336
2.58758544921875
2.5795834064483643
2.5865843296051025
2.5845839977264404
2.5825843811035156
2.588585376739502
2.5905866622924805
2.5839269161224365
2.5845839977264404
2.577584981918335
2.5755832195281982
2.5826191902160645
2.5958621501922607
2.5845553874969482
2.5775833129882812
2.585583209991455
2.578583240509033
2.5834949016571045
2.582768440246582
2.5825843811035156
2.5840885639190674
2.5825836658477783
2.576582670211792
2.5835843086242676
2.5845847129821777
2.5836119651794434
2.5845842361450195
2.590585470199585
2.5905864238739014
2.5855841636657715
2.5945868492126465
2.584584951400757
2.5895862579345703
2.584584951400757
2.582582950592041
2.5835859775543213
2.578583240509033
2.5725817680358887
2.5825843811035156
2.5841903686523438
2.5886881351470947
2.573582172393799
2.59515643119812
2.5835843086242676
2.5905861854553223
2.5855846405029297
2.5851800441741943
2.5851800441741943
2.584801197052002
2.5735013484954834
2.5841798782348633
2.5911834239959717
2.578176736831665
2.5911827087402344
2.5903494358062744
2.5839905738830566
2.724039316177368
2.5861804485321045
2.583178997039795
2.584749221801758
2.5852911472320557
2.5849831104278564
2.587181806564331
2.577177047729492
2.5902113914489746
2.5786821842193604
2.5914101600646973
2.586181640625
2.591183662414551
2.583178758621216
2.579054355621338
2.5841801166534424
2.5851798057556152
2.5851802825927734
2.5981857776641846
2.585179567337036
2.5971860885620117
2.5981860160827637
2.5971853733062744
2.5861809253692627
2.585085153579712
2.5911829471588135
2.591182231903076
2.72924542427063
2.584179401397705
2.584179639816284
2.595852851867676
2.5858685970306396
2.590322494506836
2.589181661605835
2.5901834964752197
2.578176975250244
2.5961852073669434
2.5848548412323
2.588181734085083
2.585179090499878
2.5860249996185303
2.5821776390075684
2.5921833515167236
2.589181661605835
2.584179401397705
2.5911834239959717
2.5851802825927734
2.5794670581817627
2.577735424041748
2.584179639816284
2.5784683227539062
2.5849907398223877
2.579177141189575
2.601187229156494
2.584468364715576
2.5861380100250244
2.577172040939331
2.724242925643921
2.584179401397705
2.5861802101135254
2.593139886856079
2.5851964950561523
2.5806801319122314
2.588181495666504
2.5861804485321045
2.5851798057556152
2.577176332473755
2.585179567337036
2.7237789630889893
2.578857183456421
2.584179401397705
2.5901827812194824
2.5841798782348633
2.5841779708862305
2.5846660137176514
2.5861804485321045
2.586007833480835
2.579252004623413
2.5851802825927734
2.5831799507141113
2.5841782093048096
2.5871803760528564
2.5851805210113525
2.5831780433654785
2.5911824703216553
2.5791776180267334
2.5911824703216553
2.5901825428009033
2.585908889770508
2.5841801166534424
2.585675001144409
2.5886762142181396
2.588677406311035
2.7217113971710205
2.588674306869507
2.5766725540161133
2.588676691055298
2.585675001144409
2.5856757164001465
2.57867693901062
2.582674264907837
2.5836756229400635
2.5846829414367676
2.58567476272583
2.5856759548187256
2.587925910949707
2.583674907684326
2.584674596786499
2.5846753120422363
2.591676950454712
2.5766732692718506
2.5776727199554443
2.5822529792785645
2.59167742729187
2.5886762142181396
2.583305835723877
2.7277114391326904
2.579674005508423
2.5856757164001465
2.583711624145508
2.59281325340271
2.589675188064575
2.583674192428589
2.5786752700805664
2.717334270477295
2.58567476272583
2.578674077987671
2.7127089500427246
2.5786736011505127
2.5843238830566406
2.722756862640381
2.5831851959228516
2.5786731243133545
2.5895326137542725
2.5904014110565186
2.5852909088134766
2.5836093425750732
2.57867431640625
2.579674243927002
2.578399658203125
2.57767391204834
2.583674907684326
2.582963705062866
2.5886757373809814
2.577674627304077
2.5836758613586426
2.583674192428589
2.584674835205078
2.58967661857605
2.5846753120422363
2.5841763019561768
2.729712963104248
2.5776729583740234
2.5854270458221436
2.581857681274414
2.5866756439208984
2.7237114906311035
2.583674907684326
2.5786569118499756
2.5836753845214844
2.5836753845214844
2.719710350036621
2.5844430923461914
2.5846753120422363
2.5775721073150635
2.5786736011505127
2.5786736011505127
2.5836756229400635
2.583462953567505
2.586674928665161
2.5796737670898438
2.7277119159698486
2.5855236053466797
2.591676712036133
2.5776731967926025
2.57767391204834
2.7237119674682617
2.5838286876678467
2.5816752910614014
2.5846760272979736
2.5866756439208984
2.5838937759399414
2.5830376148223877
2.5866754055023193
2.5905113220214844
2.577676296234131
2.7217109203338623
2.721710205078125
2.5896754264831543
2.594677209854126
2.5836756229400635
2.7177090644836426
2.5786736011505127
2.583674907684326
2.5837624073028564
2.585644245147705
2.5726711750030518
2.5776734352111816
2.582068920135498
2.579674005508423
2.5826752185821533
2.5896756649017334
2.589676856994629
2.5846593379974365
2.5856752395629883
2.5786736011505127
2.583674669265747
2.578148126602173
2.7247109413146973
2.580674409866333
2.583266019821167
2.724834680557251
2.5785868167877197
2.5836548805236816
2.5845894813537598
2.578587293624878
2.5855884552001953
2.587589979171753
2.7236199378967285
2.575735569000244
2.5835886001586914
2.5795881748199463
2.578587293624878
2.5765864849090576
2.5845882892608643
2.5835888385772705
2.578587770462036
2.7256202697753906
2.5892257690429688
2.5915908813476562
2.578587532043457
2.5895893573760986
2.584590196609497
2.5797393321990967
2.5835888385772705
2.576587200164795
2.5845892429351807
2.577669143676758
2.584588050842285
2.5772030353546143
2.589590072631836
2.5835886001586914
2.5855889320373535
2.588984251022339
2.58844256401062
2.588949203491211
2.721898078918457
2.583989381790161
2.5835883617401123
2.575584888458252
2.5784928798675537
2.5843923091888428
2.5781593322753906
2.579587936401367
2.577587842941284
2.5845019817352295
2.583972215652466
2.5715861320495605
2.5875895023345947
2.577587127685547
2.578587532043457
2.578587293624878
2.5825886726379395
2.5839216709136963
2.578587293624878
2.5865893363952637
2.596590995788574
2.5835886001586914
2.5835883617401123
2.5715866088867188
2.583589792251587
2.5711824893951416
2.5791573524475098
2.579434633255005
2.586587905883789
2.588589906692505
2.5695855617523193
2.5803256034851074
2.723620653152466
2.5845890045166016
2.5825891494750977
2.5855886936187744
2.5840466022491455
2.577535390853882
2.584601879119873
2.571554183959961
2.5705859661102295
2.583588123321533
2.5926084518432617
2.5875892639160156
2.587312936782837
2.579587936401367
2.5855894088745117
2.582465410232544
2.583893060684204
2.570584774017334
2.5845887660980225
2.580587863922119
2.583587646484375
2.5825886726379395
2.578611373901367
2.576587200164795
2.5775868892669678
2.578504800796509
2.5898797512054443
2.5775868892669678
2.5846810340881348
2.5835883617401123
2.577587366104126
2.5875890254974365
2.5845885276794434
2.5765867233276367
2.5845887660980225
2.5849642753601074
2.602592706680298
2.5985915660858154
2.5975921154022217
2.602593183517456
2.602592945098877
2.5975918769836426
2.6085944175720215
2.602463960647583
2.593839645385742
2.6076319217681885
2.589590311050415
2.6089327335357666
2.6018035411834717
2.6105949878692627
2.5975918769836426
2.605592966079712
2.6114702224731445
2.602592945098877
2.590590476989746
2.5965912342071533
2.5945911407470703
2.6027491092681885
2.5975914001464844
2.5955915451049805
2.588589668273926
2.596590995788574
2.456559896469116
2.5987472534179688
2.6059138774871826
2.597222328186035
2.6077017784118652
2.5995917320251465
2.596322774887085
2.6085939407348633
2.5965917110443115
2.602592706680298
2.601592540740967
2.6105945110321045
2.6095945835113525
2.5965917110443115
2.4725635051727295
2.6020989418029785
2.5955913066864014
2.601592540740967
2.594590663909912
2.602593421936035
2.599592447280884
2.5905909538269043
2.589589834213257
2.598550796508789
2.45755934715271
2.6025922298431396
2.6085944175720215
2.5955910682678223
2.590590238571167
2.6026806831359863
2.6035220623016357
2.596590042114258
2.6095948219299316
2.602186679840088
2.46256160736084
2.6002378463745117
2.607593297958374
2.6125950813293457
2.5955910682678223
2.596442699432373
2.60559344291687
2.596590995788574
2.602592945098877
2.599592447280884
2.5975918769836426
2.6085941791534424
2.588590145111084
2.602006196975708
2.591590642929077
2.60459303855896
2.60359263420105
2.6075944900512695
2.6036477088928223
2.602762460708618
2.5961410999298096
2.601592540740967
2.612595319747925
2.602592706680298
2.588589668273926
2.6028871536254883
2.5922160148620605
2.588589668273926
2.602593183517456
2.6055939197540283
2.60559344291687
2.601592779159546
2.5905888080596924
2.613582134246826
2.602592706680298
2.589590311050415
2.596250534057617
2.615316152572632
2.5985918045043945
2.6015923023223877
2.590590000152588
2.596579074859619
2.595590829849243
2.5995914936065674
2.608858823776245
2.5965917110443115
2.603592872619629
2.5985920429229736
2.605501413345337
2.598184585571289
2.5957493782043457
2.589590311050415
2.601592540740967
2.5965914726257324
2.5965917110443115
2.6075937747955322
2.5985918045043945
2.5967519283294678
2.5969173908233643
2.604593515396118
2.605593681335449
2.601592540740967
2.5975921154022217
2.5965917110443115
2.608593225479126
2.595473289489746
2.601592540740967
2.602592945098877
2.4635612964630127
2.6075942516326904
2.60272216796875
2.7356231212615967
2.60117769241333
2.5976223945617676
2.604201078414917
2.6125948429107666
2.590590000152588
2.6075944900512695
2.5965921878814697
2.609513998031616
2.6085941791534424
2.592590808868408
2.60459303855896
2.6035938262939453
2.4615602493286133
2.611453056335449
2.601593017578125
2.4696848392486572
2.729621648788452
2.602593183517456
2.605593681335449
2.5955910682678223
2.601593494415283
2.6085944175720215
2.594590187072754
2.5965912342071533
2.7306220531463623
2.5965914726257324
2.5865888595581055
2.6028051376342773
2.5956313610076904
2.60209584236145
2.5965914726257324
2.603593349456787
2.5965917110443115
2.6201717853546143
2.601592540740967
2.468562126159668
2.6035938262939453
2.6085939407348633
2.6215970516204834
2.602593183517456
2.6025068759918213
2.5945911407470703
2.601592540740967
2.6039743423461914
2.592590570449829
2.58953595161438
2.6075217723846436
2.595590829849243
2.5995922088623047
2.5925910472869873
2.5901424884796143
2.59578537940979
2.6075942516326904
2.5908825397491455
2.592289686203003
2.614595413208008
2.5965912342071533
2.602421760559082
2.5975914001464844
2.5925889015197754
2.6049487590789795
2.601593494415283
2.5895895957946777
2.6175966262817383
2.588589906692505
2.6055939197540283
2.7307353019714355
2.6005921363830566
2.602592706680298
2.5965919494628906
2.594747543334961
2.5875892639160156
2.5975916385650635
2.596590518951416
2.5915908813476562
2.5984435081481934
2.5994532108306885
2.5985920429229736
2.603593587875366
2.6085946559906006
2.59259033203125
2.602067470550537
2.7354307174682617
2.613595962524414
2.5975916385650635
2.5965919494628906
2.475013017654419
2.608405590057373
2.6075940132141113
2.468562126159668
2.5975914001464844
2.601592540740967
2.5965919494628906
2.595590829849243
2.6090433597564697
2.614403486251831
2.6025712490081787
2.5955915451049805
2.590590000152588
2.602592706680298
2.614595651626587
2.595590591430664
2.5994277000427246
2.5988709926605225
2.590771198272705
2.4808008670806885
2.6075942516326904
2.605360984802246
2.5968172550201416
2.5969412326812744
2.5965919494628906
2.6025924682617188
2.602592706680298
2.5955915451049805
2.7346227169036865
2.5985918045043945
2.7296221256256104
2.5905895233154297
2.6115946769714355
2.5965917110443115
2.5975916385650635
2.5845890045166016
2.5918009281158447
2.5896267890930176
2.590012311935425
2.600564956665039
2.5845894813537598
2.592639446258545
2.5835890769958496
2.5855891704559326
2.589557647705078
2.7286219596862793
2.591395378112793
2.5849525928497314
2.5895895957946777
2.589290142059326
2.59359073638916
2.5955913066864014
2.589590072631836
2.5965919494628906
2.5950865745544434
2.58558988571167
2.5845890045166016
2.5955915451049805
2.584589719772339
2.5845890045166016
2.5913093090057373
2.591613292694092
2.5955910682678223
2.589590311050415
2.590590238571167
2.591590166091919
2.5975918769836426
2.5905895233154297
2.5895893573760986
2.590590476989746
2.5965917110443115
2.601593017578125
2.59158992767334
2.59359073638916
2.589590311050415
2.5845887660980225
2.590590238571167
2.594590902328491
2.594590902328491
2.5922839641571045
2.5830283164978027
2.5945913791656494
2.589589834213257
2.5921847820281982
2.590404748916626
2.590590715408325
2.590590238571167
2.589590311050415
2.596590995788574
2.5965919494628906
2.733767032623291
2.588589906692505
2.589756727218628
2.590315580368042
2.5965914726257324
2.5845887660980225
2.59158992767334
2.5915913581848145
2.5965917110443115
2.5892937183380127
2.5945916175842285
2.590590238571167
2.590590238571167
2.590590476989746
2.5895891189575195
2.5895888805389404
2.5835893154144287
2.603593349456787
2.590590476989746
2.596104145050049
2.5945913791656494
2.5955045223236084
2.5955917835235596
2.601592779159546
2.589589834213257
2.5935909748077393
2.591187000274658
2.5836191177368164
2.5905895233154297
2.596590995788574
2.589589834213257
2.5965917110443115
2.6085944175720215
2.5945916175842285
2.724621057510376
2.5895888805389404
2.5905909538269043
2.594590187072754
2.5915911197662354
2.59158992767334
2.5965917110443115
2.591590404510498
2.5845887660980225
2.594590902328491
2.5965917110443115
2.7246205806732178
2.595491647720337
2.730945587158203
2.5895893573760986
2.608222484588623
2.591766595840454
2.595252752304077
2.5905909538269043
2.602592945098877
2.5845656394958496
2.5955920219421387
2.590590715408325
2.5960564613342285
2.5955910682678223
2.597423791885376
2.4683072566986084
2.7306227684020996
2.596163511276245
2.5955917835235596
2.5934391021728516
2.5955913066864014
2.723620653152466
2.5965914726257324
2.590590238571167
2.590590238571167
2.5965914726257324
2.5965917110443115
2.603323459625244
2.6084165573120117
2.735623359680176
2.595590829849243
2.5974276065826416
2.597097396850586
2.5965919494628906
2.5965914726257324
2.5955910682678223
2.595841407775879
2.596452236175537
2.7356228828430176
2.613595485687256
2.5955915451049805
2.596987724304199
2.5965914726257324
2.596012592315674
2.5957961082458496
2.596590995788574
2.601592779159546
2.5965921878814697
2.5895895957946777
2.590590715408325
2.601592540740967
2.3165276050567627
2.597132921218872
2.6075942516326904
2.595590829849243
2.5955913066864014
2.596726655960083
2.595590829849243
2.595590591430664
2.602593183517456
2.7305984497070312
2.6095943450927734
2.6205456256866455
2.591089963912964
2.5965914726257324
2.596590995788574
2.590590000152588
2.5905909538269043
2.5955910682678223
2.730757713317871
2.5968360900878906
2.5975918769836426
2.730621814727783
2.5911948680877686
2.5965919494628906
2.5955917835235596
2.603318214416504
2.5965919494628906
2.602592706680298
2.6145689487457275
2.5905911922454834
2.589590311050415
2.6023108959198
2.596590995788574
2.5835886001586914
2.589590072631836
2.591411828994751
2.589301586151123
2.5963096618652344
2.59651517868042
2.5895907878875732
2.7356228828430176
2.5965914726257324
2.5955913066864014
2.597417116165161
2.3165276050567627
2.5966548919677734
2.596592426300049
2.734623432159424
2.605592966079712
2.6085939407348633
2.5965914726257324
2.6205968856811523
2.5966861248016357
2.5953383445739746
2.5891857147216797
2.596318483352661
2.597764253616333
2.5945918560028076
2.5961899757385254
2.5895891189575195
2.5965914726257324
2.4566545486450195
2.5965917110443115
2.596590995788574
2.590590476989746
2.5965914726257324
2.603592872619629
2.5955910682678223
2.5955910682678223
2.5892832279205322
2.7353639602661133
2.7356231212615967
2.5955910682678223
2.5915908813476562
2.5955915451049805
2.591590166091919
2.595590353012085
2.5955913066864014
2.589589834213257
2.5943524837493896
2.5945229530334473
2.590590238571167
2.5905895233154297
2.5965912342071533
2.607743263244629
2.596318483352661
2.5965914726257324
2.5965919494628906
2.596590995788574
2.602593421936035
2.5945911407470703
2.5965917110443115
2.5905895233154297
2.596545696258545
2.595726251602173
2.594745635986328
2.596083641052246
2.5955915451049805
2.5955913066864014
2.5975914001464844
2.5980544090270996
2.5955917835235596
2.7216200828552246
2.601592779159546
2.592653751373291
2.595590829849243
2.5965912342071533
2.5915913581848145
2.602593421936035
2.5969862937927246
2.588703155517578
2.5965917110443115
2.5844109058380127
2.6025924682617188
2.5965917110443115
2.596592426300049
2.3362643718719482
2.1845874786376953
2.1885061264038086
2.182504177093506
2.1865057945251465
2.1843888759613037
2.1785030364990234
2.1945066452026367
2.1855051517486572
2.1975104808807373
2.1885058879852295
2.1905055046081543
2.1725025177001953
2.1985085010528564
2.1885058879852295
2.183505058288574
2.321535587310791
2.1963021755218506
2.1765027046203613
2.1915063858032227
2.1905105113983154
2.180504083633423
2.1990363597869873
2.2015087604522705
2.2065093517303467
2.3185360431671143
2.2037880420684814
2.1855051517486572
2.3292860984802246
2.326040029525757
2.315534830093384
2.317535638809204
2.323413133621216
2.183504343032837
2.314398765563965
2.3325390815734863
2.3195369243621826
2.1824162006378174
2.3346927165985107
2.3235363960266113
2.3364357948303223
2.317530393600464
2.1895298957824707
2.197502374649048
2.209505558013916
2.3265321254730225
2.318530559539795
2.3115286827087402
2.319023609161377
2.1915013790130615
2.3165292739868164
2.3175301551818848
2.3165292739868164
2.3242380619049072
2.317530393600464
2.3255317211151123
2.316469192504883
2.3184666633605957
2.3125290870666504
2.312528371810913
2.322531223297119
2.320342540740967
2.305527448654175
2.332533597946167
2.318530321121216
2.321531295776367
2.319530487060547
2.3245315551757812
2.1875
2.3275322914123535
2.3285326957702637
2.3195064067840576
2.3145291805267334
2.245513439178467
2.2165071964263916
2.3865456581115723
2.3875458240509033
2.3515379428863525
2.2065043449401855
2.3284783363342285
2.38454532623291
2.209578037261963
2.186500310897827
2.3255319595336914
2.186500072479248
2.18850040435791
2.1935017108917236
2.190500020980835
2.1938631534576416
2.3795440196990967
2.3715426921844482
2.3665411472320557
2.1853508949279785
2.371542453765869
2.23751163482666
2.1915018558502197
2.232510566711426
2.183708429336548
2.322531223297119
2.2425127029418945
2.24851393699646
2.238369941711426
2.1905012130737305
2.1784989833831787
2.0494630336761475
2.2385122776031494
2.2425122261047363
2.234827995300293
2.190500259399414
2.2705185413360596
2.2555153369903564
2.2615163326263428
2.259368419647217
2.335940361022949
2.092477798461914
2.2705190181732178
2.2517452239990234
2.2595160007476807
2.2685182094573975
2.2525150775909424
2.2685189247131348
2.2659456729888916
2.271519422531128
2.2575161457061768
2.2785205841064453
2.4015488624572754
2.3775436878204346
2.2405128479003906
2.3665411472320557
2.2545149326324463
2.2395119667053223
2.3715415000915527
2.355039119720459
2.26155424118042
2.2481465339660645
2.2585160732269287
2.272728204727173
2.1891086101531982
2.3229730129241943
2.332122802734375
2.325800657272339
2.323929786682129
2.2072601318359375
2.316606283187866
2.323530673980713
2.323429584503174
2.318530559539795
2.339430809020996
2.3195297718048096
2.3165388107299805
2.3205299377441406
2.3225300312042236
2.3186862468719482
2.1834990978240967
2.1961565017700195
2.2077345848083496
